1515746929.2251072; 0.00, 0.00; 0.00, 0.00, 0.00
1515746929.2266219; 447.90, 12.55; 5620.40, -39.30, 5620.27
1515746930.3650396; 447.86, 12.55; 5619.27, -40.61, 5619.12
1515746931.6302218; 443.93, 12.44; 5522.78, 19.83, 5522.75
1515746932.4043472; 446.15, 12.50; 5576.89, 82.33, 5576.28
1515746933.162458; 440.03, 12.34; 5428.96, -71.21, 5428.50
1515746933.9402184; 446.18, 12.50; 5577.93, 83.53, 5577.30
1515746934.7142942; 446.08, 12.50; 5575.35, 80.56, 5574.77
1515746935.488555; 446.26, 12.50; 5579.54, 85.39, 5578.89
1515746936.267297; 446.36, 12.51; 5582.15, -83.40, 5581.53
1515746937.0407467; 446.44, 12.51; 5584.15, -81.11, 5583.56
1515746937.8191292; 446.20, 12.50; 5578.34, 84.00, 5577.71
1515746938.7758832; 446.14, 12.50; 5576.74, 82.16, 5576.14
1515746939.3711097; 446.19, 12.50; 5577.91, 83.50, 5577.28
1515746940.1456287; 446.39, 12.51; 5582.97, -82.46, 5582.37
1515746940.923539; 446.38, 12.51; 5582.99, -82.44, 5582.38
1515746941.6975384; 446.24, 12.50; 5579.52, 85.36, 5578.87
1515746942.4721453; 446.19, 12.50; 5578.15, 83.78, 5577.52
1515746943.2499094; 446.22, 12.50; 5578.68, 84.39, 5578.04
1515746944.802031; 446.38, 12.51; 5582.85, -82.61, 5582.23
1515746945.5763392; 446.20, 12.50; 5578.21, 83.85, 5577.58
1515746946.350657; 446.24, 12.50; 5579.12, 84.90, 5578.47
1515746947.5569422; 446.27, 12.50; 5580.00, -85.89, 5579.34
1515746948.6812105; 446.41, 12.51; 5583.50, -81.85, 5582.90
1515746949.4564095; 446.30, 12.50; 5580.87, -84.89, 5580.22
1515746950.2330942; 446.25, 12.50; 5579.69, 85.56, 5579.04
1515746951.007366; 446.45, 12.51; 5584.31, -80.92, 5583.72
1515746951.7858005; 446.55, 12.51; 5586.76, -78.09, 5586.22
1515746952.559953; 446.36, 12.51; 5582.05, -83.53, 5581.42
1515746953.3339753; 446.37, 12.51; 5582.32, -83.21, 5581.70
1515746954.112101; 446.39, 12.51; 5583.14, -82.26, 5582.53
1515746954.8864741; 446.50, 12.51; 5585.66, -79.36, 5585.10
1515746955.728837; 446.55, 12.51; 5586.95, -77.87, 5586.41
1515746956.4384775; 446.24, 12.50; 5579.34, 85.15, 5578.69
1515746957.212976; 446.41, 12.51; 5583.57, -81.76, 5582.98
1515746957.9909315; 446.43, 12.51; 5584.18, -81.06, 5583.60
1515746958.7650726; 446.65, 12.51; 5589.66, -74.75, 5589.16
1515746959.5431132; 446.54, 12.51; 5586.76, -78.09, 5586.22
1515746960.3174438; 446.44, 12.51; 5584.23, -81.01, 5583.64
1515746961.09558; 446.28, 12.50; 5580.22, -85.62, 5579.57
1515746961.8698938; 446.55, 12.51; 5586.38, -78.54, 5585.82
1515746962.644018; 446.57, 12.51; 5587.33, -77.44, 5586.79
1515746963.4626584; 446.34, 12.51; 5581.78, -83.83, 5581.15
1515746964.1960914; 446.37, 12.51; 5582.53, -82.97, 5581.91
1515746964.9743478; 446.44, 12.51; 5583.92, -81.37, 5583.33
1515746965.7483945; 446.55, 12.51; 5586.57, -78.32, 5586.02
1515746966.5265226; 446.66, 12.51; 5589.85, -74.53, 5589.35
1515746967.3007567; 446.41, 12.51; 5583.66, -81.66, 5583.06
1515746968.0748408; 446.47, 12.51; 5585.15, -79.94, 5584.58
1515746968.8532898; 446.44, 12.51; 5584.12, -81.13, 5583.53
1515746969.6103501; 440.43, 12.35; 5438.81, -63.53, 5438.44
1515746970.3848326; 446.72, 12.52; 5591.04, -73.16, 5590.56
1515746971.1464434; 440.20, 12.34; 5433.46, -65.21, 5433.07
1515746971.920528; 446.42, 12.51; 5583.68, -81.65, 5583.08
1515746972.6949892; 446.42, 12.51; 5583.81, -81.50, 5583.21
1515746973.4727857; 446.55, 12.51; 5586.91, -77.92, 5586.36
1515746975.0228148; 446.48, 12.51; 5585.04, -80.08, 5584.46
1515746975.7993681; 446.45, 12.51; 5584.42, -80.79, 5583.83
1515746976.5737877; 446.47, 12.51; 5585.25, -79.83, 5584.68
1515746977.3517683; 446.67, 12.51; 5590.07, -74.28, 5589.57
1515746978.1258857; 446.64, 12.51; 5589.32, -75.14, 5588.81
1515746978.903643; 446.45, 12.51; 5584.41, -80.80, 5583.83
1515746979.7648075; 446.31, 12.50; 5581.15, -84.56, 5580.51
1515746980.4520671; 446.43, 12.51; 5584.12, -81.14, 5583.53
1515746981.2302125; 446.64, 12.51; 5589.18, -75.30, 5588.67
1515746982.0044103; 446.53, 12.51; 5586.51, -78.39, 5585.96
1515746983.5577607; 446.41, 12.51; 5583.36, -82.01, 5582.75
1515746984.3348193; 446.50, 12.51; 5585.71, -79.29, 5585.15
1515746985.1088018; 446.55, 12.51; 5587.01, -77.80, 5586.47
1515746985.883633; 446.42, 12.51; 5583.57, -81.78, 5582.97
1515746986.6611326; 446.44, 12.51; 5584.06, -81.21, 5583.47
1515746987.435432; 446.46, 12.51; 5584.84, -80.31, 5584.26
1515746988.3334534; 446.48, 12.51; 5585.28, -79.80, 5584.71
1515746988.9878886; 446.65, 12.51; 5589.42, -75.02, 5588.92
1515746989.765885; 446.57, 12.51; 5587.33, -77.44, 5586.79
1515746990.540026; 446.46, 12.51; 5585.03, -80.09, 5584.46
1515746991.29789; 440.27, 12.35; 5435.44, -64.89, 5435.05
1515746992.073149; 446.50, 12.51; 5585.66, -79.36, 5585.09
1515746994.4023135; 446.40, 12.51; 5583.23, -82.16, 5582.63
1515746995.176495; 446.37, 12.51; 5582.39, -83.13, 5581.77
1515746995.9546251; 446.53, 12.51; 5586.30, -78.62, 5585.75
1515746996.7288315; 446.55, 12.51; 5587.21, -77.57, 5586.67
1515746997.6375198; 446.48, 12.51; 5585.13, -79.97, 5584.56
1515746998.2809598; 446.39, 12.51; 5583.08, -82.34, 5582.47
1515746999.0554404; 446.43, 12.51; 5583.97, -81.30, 5583.38
1515746999.8331459; 446.52, 12.51; 5585.98, -78.99, 5585.42
1515747000.6078532; 446.80, 12.52; 5592.95, -70.95, 5592.50
1515747001.3855784; 446.53, 12.51; 5586.42, -78.49, 5585.87
1515747002.159725; 446.46, 12.51; 5584.81, -80.35, 5584.23
1515747002.934115; 446.47, 12.51; 5585.22, -79.86, 5584.65
1515747003.7120256; 446.39, 12.51; 5583.00, -82.42, 5582.39
1515747004.469792; 440.53, 12.35; 5440.67, -60.45, 5440.34
1515747005.3853922; 446.64, 12.51; 5589.19, -75.29, 5588.68
1515747006.0218754; 446.43, 12.51; 5583.91, -81.38, 5583.32
1515747006.7797182; 440.22, 12.34; 5433.27, -65.43, 5432.87
1515747007.5541914; 446.57, 12.51; 5586.25, -80.05, 5585.68
1515747009.106577; 446.58, 12.51; 5587.68, -77.03, 5587.15
1515747009.880503; 446.63, 12.51; 5589.01, -75.50, 5588.50
1515747010.6591647; 446.35, 12.51; 5582.45, -83.06, 5581.83
1515747011.4166107; 440.35, 12.35; 5436.69, -61.48, 5436.34
1515747012.1907904; 446.51, 12.51; 5585.98, -78.98, 5585.43
1515747012.968386; 446.47, 12.51; 5584.85, -80.29, 5584.27
1515747014.014793; 446.59, 12.51; 5587.91, -76.77, 5587.38
1515747014.520812; 446.47, 12.51; 5585.00, -80.12, 5584.42
1515747015.2951257; 446.46, 12.51; 5585.04, -80.07, 5584.47
1515747016.8268144; 446.67, 12.51; 5588.53, -77.42, 5588.00
1515747017.6049159; 446.55, 12.51; 5587.16, -77.63, 5586.62
1515747018.3791723; 446.73, 12.52; 5591.46, -72.68, 5590.98
1515747019.1416104; 440.39, 12.35; 5437.65, -63.12, 5437.28
1515747019.9149787; 446.47, 12.51; 5585.22, -79.87, 5584.65
1515747020.6891158; 446.42, 12.51; 5583.78, -81.53, 5583.18
1515747021.4675944; 446.46, 12.51; 5584.64, -80.54, 5584.06
1515747022.4493; 446.49, 12.51; 5585.31, -79.76, 5584.74
1515747024.5678103; 446.47, 12.51; 5584.87, -80.27, 5584.29
1515747025.3458657; 446.53, 12.51; 5586.33, -78.59, 5585.77
1515747026.1202998; 446.58, 12.51; 5587.76, -76.94, 5587.23
1515747026.8982723; 446.66, 12.51; 5589.72, -74.68, 5589.22
1515747027.6724308; 446.42, 12.51; 5583.85, -81.45, 5583.25
1515747028.4468806; 446.50, 12.51; 5585.66, -79.36, 5585.09
1515747029.225113; 446.50, 12.51; 5585.58, -79.46, 5585.01
1515747029.999011; 446.58, 12.51; 5587.75, -76.95, 5587.22
1515747030.7769892; 446.63, 12.51; 5589.00, -75.52, 5588.49
1515747031.7417352; 446.45, 12.51; 5584.28, -80.96, 5583.69
1515747033.1034534; 446.53, 12.51; 5586.31, -78.61, 5585.75
1515747033.8776183; 446.68, 12.52; 5590.36, -73.94, 5589.87
1515747034.6556444; 446.74, 12.52; 5592.18, -71.84, 5591.72
1515747035.4300406; 446.50, 12.51; 5585.73, -79.28, 5585.16
1515747036.20827; 446.51, 12.51; 5585.80, -79.20, 5585.24
1515747036.9821079; 446.39, 12.51; 5582.98, -82.45, 5582.37
1515747037.7607994; 446.64, 12.51; 5589.24, -75.23, 5588.74
1515747038.535189; 446.66, 12.51; 5589.85, -74.53, 5589.35
1515747039.2925065; 440.42, 12.35; 5438.48, -62.17, 5438.13
1515747040.8444202; 446.53, 12.51; 5586.63, -78.24, 5586.08
1515747041.6192873; 446.66, 12.51; 5589.80, -74.58, 5589.31
1515747042.3968022; 446.72, 12.52; 5590.90, -73.32, 5590.42
1515747043.1708176; 446.67, 12.52; 5590.32, -73.99, 5589.83
1515747043.9491682; 446.54, 12.51; 5586.82, -78.02, 5586.28
1515747044.723117; 446.62, 12.51; 5588.41, -76.19, 5587.89
1515747045.497818; 446.55, 12.51; 5586.98, -77.84, 5586.44
1515747046.2754316; 446.66, 12.52; 5590.01, -74.35, 5589.51
1515747047.0498805; 446.77, 12.52; 5592.25, -71.76, 5591.79
1515747047.811369; 440.47, 12.35; 5439.94, -57.74, 5439.63
1515747048.5853927; 446.53, 12.51; 5585.57, -80.81, 5584.99
1515747049.3600526; 446.61, 12.51; 5588.32, -76.30, 5587.79
1515747050.1379309; 446.55, 12.51; 5586.85, -77.98, 5586.31
1515747050.9118872; 446.70, 12.52; 5590.61, -73.65, 5590.12
1515747051.6862597; 446.70, 12.52; 5590.95, -73.26, 5590.47
1515747052.4642026; 446.62, 12.51; 5588.31, -76.31, 5587.79
1515747053.2383502; 446.47, 12.51; 5584.88, -80.25, 5584.31
1515747054.0164213; 446.56, 12.51; 5587.22, -77.56, 5586.68
1515747054.790518; 446.70, 12.52; 5590.66, -73.59, 5590.17
1515747055.5686674; 446.65, 12.51; 5589.37, -75.08, 5588.87
1515747056.7880597; 446.39, 12.51; 5583.13, -82.28, 5582.52
1515747057.117243; 446.44, 12.51; 5584.17, -81.08, 5583.58
1515747057.8951678; 446.54, 12.51; 5586.83, -78.02, 5586.28
1515747058.6700892; 446.75, 12.52; 5591.87, -72.19, 5591.41
1515747059.4476283; 446.66, 12.52; 5589.99, -74.37, 5589.49
1515747060.205353; 440.45, 12.35; 5439.04, -58.77, 5438.73
1515747060.9793627; 446.66, 12.51; 5588.68, -77.25, 5588.15
1515747061.753867; 446.65, 12.51; 5589.56, -74.86, 5589.06
1515747062.5317607; 446.62, 12.51; 5588.73, -75.82, 5588.22
1515747063.3069537; 446.71, 12.52; 5590.72, -73.53, 5590.24
1515747064.3748233; 446.47, 12.51; 5584.98, -80.14, 5584.41
1515747064.8581688; 446.50, 12.51; 5585.88, -79.11, 5585.32
1515747065.6366923; 446.45, 12.51; 5584.45, -80.76, 5583.87
1515747066.4106567; 446.61, 12.51; 5588.56, -76.02, 5588.04
1515747067.1884289; 446.72, 12.52; 5591.54, -72.58, 5591.07
1515747067.9627264; 446.66, 12.51; 5589.87, -74.50, 5589.38
1515747068.7368593; 446.57, 12.51; 5587.46, -77.28, 5586.93
1515747069.51493; 446.58, 12.51; 5587.58, -77.14, 5587.05
1515747070.2892241; 446.71, 12.52; 5590.69, -73.56, 5590.21
1515747071.067206; 446.82, 12.52; 5593.83, -69.94, 5593.39
1515747072.107955; 446.28, 12.50; 5580.33, -85.51, 5579.67
1515747072.6158288; 446.37, 12.51; 5582.28, -83.26, 5581.66
1515747073.39401; 446.50, 12.51; 5585.56, -79.47, 5585.00
1515747074.167872; 446.61, 12.51; 5588.47, -76.12, 5587.95
1515747074.9459321; 446.74, 12.52; 5591.79, -72.29, 5591.32
1515747075.7204428; 446.60, 12.51; 5588.33, -76.28, 5587.81
1515747076.4983013; 446.49, 12.51; 5585.32, -79.75, 5584.75
1515747077.272366; 446.59, 12.51; 5588.03, -76.62, 5587.51
1515747078.0505788; 446.67, 12.51; 5589.94, -74.43, 5589.44
1515747078.8252509; 446.82, 12.52; 5593.82, -69.94, 5593.39
1515747080.3769774; 446.58, 12.51; 5587.76, -76.93, 5587.23
1515747081.1512473; 446.58, 12.51; 5587.63, -77.08, 5587.10
1515747081.9294112; 446.73, 12.52; 5591.48, -72.65, 5591.01
1515747082.7036946; 446.76, 12.52; 5592.15, -71.88, 5591.69
1515747083.4611537; 440.46, 12.35; 5439.24, -58.55, 5438.93
1515747084.2363162; 446.52, 12.51; 5586.55, -78.34, 5586.00
1515747085.013616; 446.53, 12.51; 5586.46, -78.44, 5585.91
1515747085.7880197; 446.63, 12.51; 5588.99, -75.52, 5588.48
1515747086.5659719; 446.87, 12.52; 5594.64, -69.00, 5594.22
1515747087.3247416; 440.51, 12.35; 5440.74, -56.93, 5440.44
1515747088.3490863; 446.58, 12.51; 5587.55, -77.18, 5587.02
1515747090.424194; 446.75, 12.52; 5592.05, -72.00, 5591.58
1515747091.2032597; 446.83, 12.52; 5593.72, -70.07, 5593.29
1515747091.9765353; 446.59, 12.51; 5587.91, -76.77, 5587.38
1515747092.7546446; 446.65, 12.51; 5589.32, -75.14, 5588.81
1515747093.5286543; 446.58, 12.51; 5587.89, -76.79, 5587.37
1515747094.307217; 446.91, 12.52; 5596.01, -67.43, 5595.60
1515747095.0809038; 446.72, 12.52; 5591.50, -72.63, 5591.03
1515747095.8593335; 446.64, 12.51; 5589.38, -75.07, 5588.87
1515747096.6333866; 446.51, 12.51; 5586.33, -78.59, 5585.78
1515747097.597693; 446.55, 12.51; 5586.88, -77.95, 5586.34
1515747098.1854708; 446.75, 12.52; 5591.83, -72.25, 5591.36
1515747098.9597378; 446.69, 12.51; 5590.23, -74.09, 5589.74
1515747099.7386262; 446.50, 12.51; 5585.74, -79.27, 5585.18
1515747100.5119383; 446.65, 12.51; 5589.52, -74.91, 5589.02
1515747101.2873735; 446.68, 12.52; 5590.24, -74.08, 5589.74
1515747102.0643497; 446.92, 12.52; 5596.00, -67.44, 5595.59
1515747102.8405414; 446.53, 12.51; 5586.56, -78.32, 5586.02
1515747103.61651; 446.63, 12.51; 5588.85, -75.68, 5588.34
1515747104.3914652; 446.75, 12.52; 5592.13, -71.90, 5591.66
1515747105.3577409; 446.81, 12.52; 5593.47, -70.36, 5593.02
1515747105.9438252; 446.62, 12.51; 5588.89, -75.64, 5588.37
1515747106.7175968; 446.56, 12.51; 5587.43, -77.32, 5586.90
1515747107.4951646; 446.45, 12.51; 5584.60, -80.58, 5584.02
1515747108.2696064; 446.76, 12.52; 5592.04, -72.00, 5591.58
1515747109.0475905; 446.76, 12.52; 5592.26, -71.75, 5591.80
1515747109.8217604; 446.62, 12.51; 5588.72, -75.83, 5588.21
1515747110.5998936; 446.61, 12.51; 5588.40, -76.20, 5587.88
1515747111.3744986; 446.67, 12.51; 5589.78, -74.61, 5589.28
1515747112.9264529; 446.71, 12.52; 5590.68, -73.57, 5590.20
1515747113.880776; 446.45, 12.51; 5584.38, -80.84, 5583.79
1515747114.4789164; 446.60, 12.51; 5588.07, -76.58, 5587.55
1515747115.2364655; 440.68, 12.35; 5444.15, -55.82, 5443.86
1515747116.0114563; 446.88, 12.52; 5595.16, -68.40, 5594.75
1515747116.768401; 440.55, 12.35; 5441.76, -55.67, 5441.47
1515747117.5469742; 446.50, 12.51; 5585.91, -79.07, 5585.35
1515747119.8728256; 446.80, 12.52; 5593.19, -70.67, 5592.75
1515747120.64716; 446.64, 12.51; 5589.25, -75.22, 5588.74
1515747121.4251459; 446.69, 12.52; 5590.44, -73.85, 5589.95
1515747122.199408; 446.62, 12.51; 5588.67, -75.89, 5588.16
1515747123.1885042; 446.68, 12.51; 5590.03, -74.32, 5589.54
1515747123.7515883; 446.77, 12.52; 5592.09, -71.95, 5591.62
1515747124.5265; 446.63, 12.51; 5588.81, -75.74, 5588.29
1515747125.3041627; 446.60, 12.51; 5588.32, -76.30, 5587.79
1515747126.0787346; 446.64, 12.51; 5589.01, -75.50, 5588.50
1515747127.6302698; 446.76, 12.52; 5592.14, -71.89, 5591.68
1515747128.4083638; 446.59, 12.51; 5587.67, -77.04, 5587.14
1515747129.182657; 446.61, 12.51; 5588.49, -76.09, 5587.97
1515747129.9567885; 446.71, 12.52; 5590.86, -73.37, 5590.37
1515747130.7357547; 446.96, 12.52; 5597.17, -66.09, 5596.78
1515747131.6982772; 446.57, 12.51; 5587.58, -77.15, 5587.05
1515747132.287398; 446.62, 12.51; 5588.68, -75.88, 5588.17
1515747133.0614088; 446.56, 12.51; 5587.68, -77.03, 5587.15
1515747133.8191693; 440.60, 12.35; 5442.00, -58.27, 5441.68
1515747134.5972104; 446.80, 12.52; 5593.25, -70.62, 5592.80
1515747135.371583; 446.61, 12.51; 5588.53, -76.05, 5588.01
1515747136.149478; 446.65, 12.51; 5589.34, -75.12, 5588.83
1515747136.923846; 446.52, 12.51; 5586.56, -78.32, 5586.01
1515747137.697842; 446.67, 12.51; 5589.49, -74.94, 5588.99
1515747138.4758368; 446.74, 12.52; 5591.73, -72.35, 5591.27
1515747139.4925365; 446.60, 12.51; 5588.49, -76.10, 5587.97
1515747140.0091474; 440.41, 12.35; 5438.15, -59.81, 5437.82
1515747140.7858362; 446.61, 12.51; 5587.10, -79.08, 5586.54
1515747141.5605307; 446.59, 12.51; 5587.94, -76.73, 5587.41
1515747142.338424; 446.78, 12.52; 5592.61, -71.35, 5592.15
1515747143.1125307; 446.68, 12.52; 5590.44, -73.85, 5589.96
1515747143.8868704; 446.63, 12.51; 5588.86, -75.67, 5588.35
1515747144.648197; 440.43, 12.35; 5438.86, -58.99, 5438.54
1515747145.4223678; 446.64, 12.51; 5589.13, -75.35, 5588.63
1515747146.1966336; 446.73, 12.52; 5591.23, -72.94, 5590.75
1515747147.3063462; 446.67, 12.51; 5589.73, -74.67, 5589.23
1515747147.7488878; 446.60, 12.51; 5588.39, -76.21, 5587.87
1515747148.5268638; 446.50, 12.51; 5585.43, -79.62, 5584.86
1515747149.3013556; 446.68, 12.51; 5590.23, -74.10, 5589.74
1515747150.0752108; 446.67, 12.51; 5589.89, -74.49, 5589.39
1515747151.6275187; 446.62, 12.51; 5589.16, -75.32, 5588.65
1515747152.4061086; 446.56, 12.51; 5587.19, -77.59, 5586.66
1515747153.1800518; 446.61, 12.51; 5588.30, -76.31, 5587.78
1515747153.9582133; 446.59, 12.51; 5587.91, -76.76, 5587.38
1515747154.7320476; 446.70, 12.52; 5590.60, -73.67, 5590.11
1515747155.852818; 440.56, 12.35; 5441.51, -58.68, 5441.19
1515747156.2642522; 446.55, 12.51; 5587.15, -77.65, 5586.61
1515747157.0420485; 446.60, 12.51; 5588.38, -76.22, 5587.86
1515747157.8163779; 446.62, 12.51; 5588.92, -75.60, 5588.41
1515747158.5946317; 446.82, 12.52; 5593.73, -70.05, 5593.29
1515747159.3684433; 446.80, 12.52; 5593.01, -70.89, 5592.56
1515747160.146706; 446.55, 12.51; 5586.97, -77.85, 5586.42
1515747160.9208717; 446.63, 12.51; 5588.76, -75.78, 5588.25
1515747161.6950722; 446.64, 12.51; 5589.11, -75.38, 5588.60
1515747162.4736671; 446.85, 12.52; 5594.31, -69.38, 5593.88
1515747163.4791675; 446.54, 12.51; 5586.79, -78.06, 5586.24
1515747164.025616; 446.56, 12.51; 5587.35, -77.41, 5586.81
1515747164.799572; 446.65, 12.51; 5589.27, -75.20, 5588.76
1515747165.5740523; 446.76, 12.52; 5592.05, -71.98, 5591.59
1515747166.351944; 446.87, 12.52; 5594.99, -68.60, 5594.57
1515747167.1259942; 446.51, 12.51; 5585.77, -79.24, 5585.20
1515747167.9048238; 446.65, 12.51; 5589.56, -74.87, 5589.05
1515747168.6783836; 446.64, 12.51; 5589.10, -75.39, 5588.59
1515747169.4568124; 446.79, 12.52; 5592.95, -70.96, 5592.50
1515747170.214545; 440.82, 12.36; 5447.91, -49.72, 5447.68
1515747171.0765238; 446.60, 12.51; 5588.35, -76.26, 5587.83
1515747171.7663345; 446.61, 12.51; 5588.47, -76.12, 5587.95
1515747172.5407352; 446.48, 12.51; 5585.32, -79.75, 5584.75
1515747173.3149955; 446.73, 12.52; 5591.41, -72.73, 5590.94
1515747174.093057; 446.89, 12.52; 5595.44, -68.08, 5595.03
1515747174.8673663; 446.76, 12.52; 5591.94, -72.12, 5591.48
1515747175.645175; 446.67, 12.51; 5590.05, -74.30, 5589.55
1515747176.4196537; 446.62, 12.51; 5588.55, -76.03, 5588.03
1515747177.1938345; 446.78, 12.52; 5592.54, -71.43, 5592.08
1515747177.9715195; 446.89, 12.52; 5595.60, -67.90, 5595.18
1515747178.8232255; 446.61, 12.51; 5588.52, -76.07, 5588.00
1515747179.524139; 446.71, 12.52; 5590.72, -73.52, 5590.24
1515747180.2980416; 446.64, 12.51; 5589.19, -75.29, 5588.68
1515747181.0766637; 446.83, 12.52; 5593.67, -70.12, 5593.23
1515747181.8507495; 446.82, 12.52; 5593.88, -69.89, 5593.44
1515747182.625049; 446.70, 12.52; 5590.63, -73.63, 5590.15
