1515747267.1954036; 0.00, 0.00; 0.00, 0.00, 0.00
1515747267.1964762; 446.83, 12.52; 5593.76, -70.02, 5593.33
1515747268.082551; 446.98, 12.52; 5597.56, -65.64, 5597.17
1515747269.6026802; 444.57, 12.46; 5538.40, 37.88, 5538.27
1515747270.3768835; 446.80, 12.52; 5592.99, -70.91, 5592.54
1515747271.1517444; 446.70, 12.52; 5590.56, -73.70, 5590.08
1515747271.9293394; 446.66, 12.51; 5589.38, -75.07, 5588.88
1515747272.7034302; 446.79, 12.52; 5592.86, -71.06, 5592.41
1515747273.481648; 446.73, 12.52; 5591.14, -73.05, 5590.66
1515747274.255825; 446.67, 12.51; 5589.86, -74.51, 5589.37
1515747275.0335708; 446.63, 12.51; 5588.72, -75.82, 5588.21
1515747275.8085136; 446.77, 12.52; 5592.21, -71.81, 5591.75
1515747276.7005928; 446.79, 12.52; 5592.75, -71.19, 5592.30
1515747277.3601074; 446.60, 12.51; 5588.38, -76.23, 5587.86
1515747278.1343818; 446.64, 12.51; 5589.05, -75.45, 5588.54
1515747278.9123826; 446.67, 12.51; 5589.83, -74.55, 5589.33
1515747279.6867216; 446.74, 12.52; 5591.31, -72.84, 5590.84
1515747281.2388308; 446.82, 12.52; 5593.53, -70.29, 5593.09
1515747282.0170379; 446.63, 12.51; 5589.06, -75.44, 5588.55
1515747282.7912102; 446.69, 12.52; 5590.48, -73.80, 5589.99
1515747283.5661411; 446.69, 12.52; 5590.39, -73.90, 5589.91
1515747284.3435698; 446.92, 12.52; 5596.21, -67.19, 5595.81
1515747285.7834992; 440.50, 12.35; 5440.47, -57.84, 5440.17
1515747285.8752723; 446.60, 12.51; 5588.02, -76.64, 5587.49
1515747286.6537435; 446.67, 12.51; 5589.96, -74.40, 5589.47
1515747287.4279213; 446.76, 12.52; 5592.00, -72.05, 5591.53
1515747288.205973; 446.82, 12.52; 5593.74, -70.04, 5593.30
1515747289.7552054; 446.73, 12.52; 5591.52, -72.61, 5591.05
1515747290.5322459; 446.64, 12.51; 5589.40, -75.04, 5588.90
1515747291.30681; 446.69, 12.52; 5590.39, -73.91, 5589.90
1515747292.8589056; 446.84, 12.52; 5594.22, -69.49, 5593.79
1515747293.636782; 446.78, 12.52; 5592.53, -71.43, 5592.08
1515747294.481867; 446.51, 12.51; 5586.08, -78.88, 5585.52
1515747295.1693199; 440.44, 12.35; 5438.72, -61.89, 5438.36
1515747295.9428582; 446.61, 12.51; 5588.38, -76.22, 5587.86
1515747296.7209892; 446.63, 12.51; 5588.81, -75.72, 5588.30
1515747297.4954164; 446.91, 12.52; 5595.88, -67.57, 5595.48
1515747298.2732737; 446.63, 12.51; 5588.97, -75.54, 5588.46
1515747299.0473351; 446.67, 12.51; 5589.86, -74.52, 5589.36
1515747299.8215654; 446.64, 12.51; 5589.08, -75.41, 5588.58
1515747300.5995693; 446.78, 12.52; 5592.47, -71.50, 5592.02
1515747301.3740103; 446.88, 12.52; 5595.21, -68.35, 5594.79
1515747302.3442235; 446.77, 12.52; 5592.20, -71.82, 5591.74
1515747302.9261677; 446.62, 12.51; 5588.64, -75.93, 5588.13
1515747303.704257; 446.71, 12.52; 5590.97, -73.24, 5590.49
1515747304.4783633; 446.70, 12.52; 5590.75, -73.49, 5590.27
1515747305.2566385; 446.84, 12.52; 5594.20, -69.51, 5593.77
1515747306.0306995; 446.83, 12.52; 5593.98, -69.77, 5593.54
1515747306.8049428; 446.67, 12.51; 5589.98, -74.39, 5589.48
1515747307.5668254; 440.40, 12.35; 5437.58, -63.20, 5437.21
1515747308.3417647; 446.61, 12.51; 5588.29, -76.33, 5587.77
1515747309.1148443; 446.80, 12.52; 5593.20, -70.67, 5592.75
1515747309.9891477; 446.76, 12.52; 5592.15, -71.88, 5591.69
1515747310.6673143; 446.80, 12.52; 5593.27, -70.59, 5592.82
1515747311.4412966; 446.63, 12.51; 5589.03, -75.47, 5588.52
1515747312.2195225; 446.74, 12.52; 5591.74, -72.34, 5591.28
1515747312.993668; 446.69, 12.51; 5590.20, -74.13, 5589.70
1515747313.7716253; 446.86, 12.52; 5594.69, -68.95, 5594.26
1515747314.54633; 446.82, 12.52; 5593.76, -70.02, 5593.32
1515747315.3239691; 446.63, 12.51; 5588.87, -75.66, 5588.36
1515747316.0980961; 446.66, 12.51; 5589.46, -74.98, 5588.95
1515747316.8724551; 446.70, 12.52; 5590.56, -73.72, 5590.07
1515747317.9742017; 446.66, 12.51; 5589.64, -74.77, 5589.14
1515747318.4247973; 446.79, 12.52; 5593.11, -70.77, 5592.67
1515747319.202714; 446.64, 12.51; 5589.22, -75.25, 5588.71
1515747319.9771025; 446.66, 12.51; 5589.62, -74.79, 5589.12
1515747320.7549412; 446.69, 12.51; 5590.27, -74.04, 5589.78
1515747321.5295956; 446.81, 12.52; 5593.27, -70.59, 5592.82
1515747322.303626; 446.86, 12.52; 5594.88, -68.73, 5594.46
1515747323.0815542; 446.76, 12.52; 5592.14, -71.90, 5591.68
1515747323.855638; 446.62, 12.51; 5588.66, -75.90, 5588.15
1515747324.633697; 446.68, 12.51; 5590.11, -74.22, 5589.62
1515747325.5873373; 446.64, 12.51; 5589.20, -75.28, 5588.69
1515747326.1864762; 446.75, 12.52; 5592.02, -72.03, 5591.56
1515747326.9601097; 446.62, 12.51; 5588.60, -75.97, 5588.09
1515747327.7345045; 446.66, 12.51; 5589.62, -74.79, 5589.12
1515747328.5125048; 446.59, 12.51; 5588.05, -76.60, 5587.53
1515747329.2866879; 446.88, 12.52; 5595.13, -68.44, 5594.71
1515747330.0657644; 446.83, 12.52; 5594.31, -69.39, 5593.88
1515747330.8389156; 446.81, 12.52; 5593.49, -70.34, 5593.05
1515747331.6169882; 446.58, 12.51; 5587.84, -76.85, 5587.31
1515747332.3747332; 440.64, 12.35; 5443.12, -55.58, 5442.83
1515747333.3926077; 446.69, 12.52; 5590.32, -73.99, 5589.83
1515747333.923261; 446.72, 12.52; 5591.27, -72.90, 5590.79
1515747334.7012658; 446.66, 12.51; 5589.64, -74.78, 5589.13
1515747335.4754171; 446.59, 12.51; 5588.00, -76.67, 5587.47
1515747336.2537186; 446.61, 12.51; 5588.08, -76.57, 5587.56
1515747337.0309274; 446.80, 12.52; 5593.15, -70.72, 5592.70
1515747337.8057761; 446.84, 12.52; 5594.08, -69.65, 5593.65
1515747338.5808244; 446.62, 12.51; 5588.57, -76.00, 5588.06
1515747339.3542123; 446.61, 12.51; 5588.69, -75.87, 5588.17
1515747340.132405; 446.73, 12.52; 5591.62, -72.49, 5591.15
1515747341.0532322; 446.85, 12.52; 5594.27, -69.43, 5593.84
1515747341.6845582; 446.66, 12.51; 5589.63, -74.79, 5589.13
1515747342.4589694; 446.72, 12.52; 5591.31, -72.84, 5590.84
1515747343.237156; 446.52, 12.51; 5586.38, -78.53, 5585.82
1515747344.0114067; 446.70, 12.52; 5590.70, -73.55, 5590.22
1515747344.7891686; 446.86, 12.52; 5594.81, -68.81, 5594.39
1515747345.5640414; 446.78, 12.52; 5592.53, -71.44, 5592.07
1515747346.33794; 446.57, 12.51; 5587.44, -77.31, 5586.90
1515747347.1157715; 446.66, 12.51; 5589.58, -74.83, 5589.08
1515747347.8898704; 446.73, 12.52; 5591.44, -72.70, 5590.97
1515747348.963315; 446.80, 12.52; 5593.02, -70.87, 5592.57
1515747349.4419277; 446.59, 12.51; 5587.85, -76.84, 5587.32
1515747350.2201333; 446.68, 12.52; 5590.23, -74.10, 5589.73
1515747350.9943385; 446.73, 12.52; 5591.44, -72.69, 5590.97
1515747351.7685316; 446.91, 12.52; 5595.60, -67.90, 5595.19
1515747353.3207061; 446.72, 12.52; 5591.22, -72.95, 5590.74
1515747354.0988245; 446.68, 12.51; 5590.04, -74.31, 5589.55
1515747354.8730109; 446.78, 12.52; 5592.61, -71.35, 5592.15
1515747355.651287; 446.83, 12.52; 5593.98, -69.77, 5593.54
1515747356.425368; 446.72, 12.52; 5591.25, -72.93, 5590.77
1515747357.6175733; 446.47, 12.51; 5584.98, -80.14, 5584.41
1515747357.977633; 446.58, 12.51; 5587.74, -76.96, 5587.20
1515747358.7518263; 446.73, 12.52; 5591.59, -72.52, 5591.12
1515747359.5303223; 446.91, 12.52; 5596.17, -67.24, 5595.76
1515747360.3042243; 446.71, 12.52; 5591.14, -73.04, 5590.67
1515747361.0821261; 446.68, 12.51; 5590.18, -74.15, 5589.69
1515747361.8563523; 446.68, 12.51; 5589.86, -74.51, 5589.37
1515747362.6308613; 446.79, 12.52; 5593.17, -70.70, 5592.72
1515747363.3927214; 440.82, 12.36; 5448.89, -51.02, 5448.65
1515747364.9405773; 446.70, 12.52; 5590.55, -73.72, 5590.06
1515747365.9682877; 446.56, 12.51; 5587.23, -77.54, 5586.69
1515747366.4930704; 446.64, 12.51; 5588.88, -75.64, 5588.37
1515747367.2709796; 446.84, 12.52; 5594.07, -69.66, 5593.64
1515747368.0450375; 446.76, 12.52; 5592.35, -71.64, 5591.90
1515747368.8194394; 446.64, 12.51; 5589.07, -75.43, 5588.56
1515747369.5974283; 446.71, 12.52; 5590.83, -73.40, 5590.34
1515747370.3714972; 446.72, 12.52; 5591.26, -72.90, 5590.79
1515747371.1496873; 446.84, 12.52; 5594.27, -69.43, 5593.84
1515747371.924339; 446.67, 12.52; 5590.27, -74.04, 5589.78
1515747372.6820495; 440.46, 12.35; 5439.39, -61.12, 5439.05
1515747373.678154; 446.59, 12.51; 5587.77, -76.92, 5587.24
1515747374.2338645; 446.55, 12.51; 5587.06, -77.75, 5586.52
1515747375.0090983; 446.93, 12.52; 5596.43, -66.94, 5596.03
1515747375.78611; 446.72, 12.52; 5591.35, -72.80, 5590.88
1515747376.5606053; 446.63, 12.51; 5588.79, -75.75, 5588.28
1515747377.3384697; 446.61, 12.51; 5588.15, -76.49, 5587.62
1515747378.1139793; 446.79, 12.52; 5592.59, -71.37, 5592.13
1515747379.665013; 446.84, 12.52; 5593.94, -69.82, 5593.50
1515747380.4395475; 446.70, 12.52; 5590.45, -73.84, 5589.96
1515747381.2172544; 446.63, 12.51; 5589.01, -75.50, 5588.50
1515747382.4492052; 446.55, 12.51; 5586.97, -77.85, 5586.43
1515747382.7694662; 446.83, 12.52; 5593.84, -69.93, 5593.40
1515747383.5434752; 446.63, 12.51; 5589.08, -75.43, 5588.57
1515747384.3217728; 446.67, 12.51; 5589.95, -74.41, 5589.46
1515747385.096077; 446.63, 12.51; 5589.10, -75.39, 5588.59
1515747385.8700526; 446.76, 12.52; 5592.22, -71.80, 5591.75
1515747386.648246; 446.88, 12.52; 5595.17, -68.40, 5594.75
1515747387.4226534; 446.72, 12.52; 5591.33, -72.82, 5590.86
1515747388.1803555; 440.49, 12.35; 5440.06, -60.34, 5439.73
1515747389.732339; 446.72, 12.52; 5590.96, -73.25, 5590.48
1515747390.7221696; 446.82, 12.52; 5593.54, -70.28, 5593.10
1515747391.2846856; 446.81, 12.52; 5593.55, -70.27, 5593.10
1515747392.059598; 446.58, 12.51; 5588.16, -76.48, 5587.64
1515747392.8368213; 446.62, 12.51; 5588.71, -75.84, 5588.20
1515747393.611003; 446.59, 12.51; 5587.72, -76.98, 5587.19
1515747394.389259; 446.80, 12.52; 5593.31, -70.54, 5592.86
1515747395.1635725; 446.68, 12.52; 5590.24, -74.08, 5589.75
1515747395.9377606; 446.63, 12.51; 5589.03, -75.47, 5588.52
1515747396.7159314; 446.60, 12.51; 5588.32, -76.29, 5587.80
1515747397.4897904; 446.68, 12.51; 5590.08, -74.27, 5589.58
1515747399.0429862; 446.69, 12.52; 5590.27, -74.05, 5589.78
1515747399.8201663; 446.57, 12.51; 5587.60, -77.12, 5587.07
1515747400.5948703; 446.64, 12.51; 5588.95, -75.57, 5588.44
1515747401.3691; 446.67, 12.51; 5589.88, -74.49, 5589.39
1515747402.1467366; 446.93, 12.52; 5596.10, -67.32, 5595.70
1515747402.9214373; 446.68, 12.52; 5590.38, -73.92, 5589.89
1515747403.6989307; 446.60, 12.51; 5588.02, -76.64, 5587.49
1515747404.474062; 446.46, 12.51; 5584.74, -80.42, 5584.16
1515747405.2512505; 446.75, 12.52; 5591.71, -72.38, 5591.25
1515747406.0254662; 447.03, 12.52; 5598.82, -64.19, 5598.45
1515747407.0076296; 446.58, 12.51; 5587.74, -76.96, 5587.21
1515747407.5776527; 446.57, 12.51; 5587.65, -77.07, 5587.12
1515747408.352447; 446.71, 12.52; 5590.78, -73.46, 5590.29
1515747409.1304483; 446.63, 12.51; 5588.94, -75.58, 5588.43
1515747409.9040854; 446.94, 12.52; 5596.57, -66.78, 5596.18
1515747410.6822536; 446.78, 12.52; 5592.51, -71.46, 5592.06
1515747411.4565122; 446.68, 12.51; 5590.02, -74.33, 5589.53
1515747412.2312376; 446.64, 12.51; 5589.24, -75.23, 5588.74
1515747413.0087056; 446.74, 12.52; 5591.23, -72.94, 5590.75
1515747413.783199; 446.82, 12.52; 5593.69, -70.11, 5593.25
1515747414.7646558; 446.59, 12.51; 5587.76, -76.94, 5587.23
1515747415.3351395; 446.50, 12.51; 5585.80, -79.20, 5585.24
1515747416.113272; 446.67, 12.51; 5589.77, -74.62, 5589.27
1515747416.8874502; 446.66, 12.51; 5589.72, -74.68, 5589.22
1515747418.423302; 440.55, 12.35; 5441.08, -56.42, 5440.79
1515747419.1982613; 446.85, 12.52; 5593.36, -71.86, 5592.90
1515747419.9720979; 446.60, 12.51; 5588.28, -76.34, 5587.76
1515747420.7509549; 446.78, 12.52; 5592.48, -71.50, 5592.02
1515747421.5238762; 446.95, 12.52; 5596.71, -66.62, 5596.31
1515747422.3023033; 446.70, 12.52; 5590.70, -73.56, 5590.21
1515747423.3852944; 446.54, 12.51; 5586.67, -78.19, 5586.13
1515747423.8367305; 440.48, 12.35; 5439.77, -58.33, 5439.46
1515747424.6082044; 446.70, 12.52; 5590.59, -73.68, 5590.10
1515747425.3870122; 446.86, 12.52; 5594.25, -69.45, 5593.82
1515747426.1616976; 446.71, 12.52; 5591.30, -72.87, 5590.82
1515747426.9384415; 446.71, 12.52; 5590.99, -73.21, 5590.52
1515747427.7127368; 446.64, 12.51; 5588.99, -75.52, 5588.48
1515747428.4907527; 446.74, 12.52; 5591.66, -72.44, 5591.19
1515747429.265215; 446.85, 12.52; 5594.32, -69.38, 5593.89
1515747430.0396101; 446.80, 12.52; 5592.83, -71.09, 5592.38
1515747431.0638945; 446.55, 12.51; 5587.11, -77.69, 5586.57
1515747431.5912704; 446.58, 12.51; 5587.77, -76.92, 5587.24
1515747432.369433; 446.83, 12.52; 5593.87, -69.89, 5593.44
1515747433.1442997; 447.03, 12.52; 5599.00, -63.99, 5598.63
1515747433.9216933; 446.63, 12.51; 5589.02, -75.48, 5588.51
1515747434.6960297; 446.71, 12.52; 5591.07, -73.12, 5590.59
1515747435.474049; 446.62, 12.51; 5588.78, -75.76, 5588.26
1515747436.2482529; 446.88, 12.52; 5595.06, -68.53, 5594.64
1515747437.0228467; 446.97, 12.52; 5597.52, -65.69, 5597.13
1515747437.800408; 446.66, 12.51; 5589.65, -74.77, 5589.15
1515747439.349572; 446.66, 12.51; 5589.60, -74.81, 5589.10
1515747440.1270053; 446.85, 12.52; 5594.53, -69.13, 5594.10
1515747440.9014845; 446.89, 12.52; 5595.24, -68.32, 5594.82
1515747441.6793773; 446.62, 12.51; 5588.83, -75.71, 5588.32
1515747442.4535701; 446.74, 12.52; 5591.76, -72.32, 5591.30
1515747443.2329433; 446.67, 12.52; 5590.15, -74.18, 5589.66
1515747443.9892588; 440.85, 12.36; 5448.14, -51.62, 5447.90
1515747444.7638822; 446.96, 12.52; 5596.91, -66.40, 5596.51
1515747445.5415194; 446.80, 12.52; 5593.10, -70.79, 5592.65
1515747446.3163621; 446.68, 12.51; 5590.04, -74.31, 5589.54
1515747447.3538616; 446.53, 12.51; 5586.57, -78.31, 5586.03
1515747448.6257012; 440.89, 12.36; 5449.62, -48.94, 5449.40
1515747450.1781442; 446.73, 12.52; 5591.02, -73.18, 5590.54
1515747450.9522207; 446.73, 12.52; 5591.52, -72.60, 5591.05
1515747451.731211; 446.77, 12.52; 5592.46, -71.51, 5592.01
1515747452.5043929; 446.83, 12.52; 5594.10, -69.63, 5593.67
1515747453.2832572; 446.88, 12.52; 5595.30, -68.25, 5594.88
1515747454.0568912; 446.57, 12.51; 5587.75, -76.95, 5587.22
1515747454.8310597; 446.60, 12.51; 5587.87, -76.82, 5587.34
1515747455.60935; 446.74, 12.52; 5591.61, -72.50, 5591.14
1515747456.5859375; 446.88, 12.52; 5595.41, -68.12, 5594.99
1515747457.1617167; 446.71, 12.52; 5591.23, -72.95, 5590.75
1515747457.9353836; 446.69, 12.52; 5590.35, -73.95, 5589.86
1515747458.7137227; 446.66, 12.51; 5589.77, -74.62, 5589.27
1515747459.4885578; 446.84, 12.52; 5593.97, -69.78, 5593.54
1515747460.2618754; 446.81, 12.52; 5593.55, -70.26, 5593.11
1515747461.0400178; 446.66, 12.51; 5589.73, -74.67, 5589.23
1515747461.8148031; 446.64, 12.51; 5589.40, -75.04, 5588.90
1515747462.592345; 446.62, 12.51; 5588.61, -75.96, 5588.10
1515747463.3679974; 446.82, 12.52; 5593.68, -70.11, 5593.24
1515747464.3162835; 446.83, 12.52; 5593.95, -69.80, 5593.52
1515747464.9187303; 446.53, 12.51; 5586.70, -78.16, 5586.15
1515747465.6936717; 446.66, 12.51; 5589.73, -74.67, 5589.23
1515747467.2453372; 446.94, 12.52; 5596.49, -66.87, 5596.09
1515747468.023333; 446.85, 12.52; 5594.59, -69.07, 5594.16
1515747468.7974904; 446.75, 12.52; 5591.86, -72.21, 5591.39
1515747469.575837; 446.73, 12.52; 5591.31, -72.84, 5590.84
1515747470.3499186; 446.88, 12.52; 5594.92, -68.69, 5594.49
1515747471.1243913; 446.84, 12.52; 5594.05, -69.69, 5593.61
1515747471.9022427; 446.79, 12.52; 5593.06, -70.83, 5592.61
1515747472.8965285; 446.59, 12.51; 5588.30, -76.31, 5587.78
1515747473.4545233; 446.68, 12.51; 5589.97, -74.39, 5589.47
1515747474.9861424; 446.77, 12.52; 5592.20, -71.82, 5591.74
1515747475.761343; 446.90, 12.52; 5595.51, -68.00, 5595.10
1515747476.538647; 446.71, 12.52; 5590.93, -73.29, 5590.45
1515747477.3127296; 446.62, 12.51; 5588.76, -75.79, 5588.24
1515747478.0908992; 446.59, 12.51; 5587.95, -76.72, 5587.42
1515747478.8655288; 446.88, 12.52; 5595.19, -68.37, 5594.77
1515747479.6442416; 447.00, 12.52; 5598.08, -65.04, 5597.70
1515747480.417566; 446.85, 12.52; 5594.41, -69.28, 5593.98
1515747481.4183617; 446.67, 12.51; 5590.00, -74.36, 5589.50
1515747481.9695132; 446.61, 12.51; 5588.73, -75.82, 5588.22
1515747482.7441719; 446.81, 12.52; 5593.32, -70.53, 5592.87
1515747483.5218415; 446.85, 12.52; 5594.37, -69.32, 5593.94
1515747484.2964299; 446.74, 12.52; 5591.89, -72.18, 5591.42
1515747485.0745134; 446.66, 12.51; 5589.62, -74.79, 5589.12
1515747485.831932; 440.56, 12.35; 5441.69, -55.96, 5441.40
1515747486.606012; 446.72, 12.52; 5591.33, -72.82, 5590.85
1515747487.384168; 446.93, 12.52; 5596.24, -67.16, 5595.84
1515747488.1584513; 446.87, 12.52; 5595.05, -68.53, 5594.63
1515747489.1633346; 446.58, 12.51; 5587.59, -77.14, 5587.05
1515747489.7109098; 446.73, 12.52; 5591.51, -72.62, 5591.04
1515747490.4851584; 446.65, 12.51; 5589.42, -75.03, 5588.92
1515747491.2631717; 446.87, 12.52; 5594.85, -68.76, 5594.43
1515747492.0370605; 446.77, 12.52; 5592.50, -71.47, 5592.05
1515747492.815165; 446.63, 12.51; 5589.29, -75.18, 5588.78
1515747493.5899277; 446.70, 12.52; 5590.60, -73.67, 5590.12
1515747494.3635592; 446.66, 12.51; 5589.43, -75.02, 5588.92
1515747495.1418717; 446.91, 12.52; 5595.96, -67.48, 5595.56
1515747495.9157083; 446.74, 12.52; 5591.90, -72.17, 5591.44
1515747496.9108834; 446.60, 12.51; 5588.14, -76.50, 5587.62
1515747497.4685607; 446.62, 12.51; 5588.57, -76.00, 5588.06
1515747498.246271; 446.83, 12.52; 5593.72, -70.06, 5593.28
1515747499.0205116; 446.92, 12.52; 5596.15, -67.27, 5595.74
1515747499.7945902; 446.82, 12.52; 5593.85, -69.92, 5593.41
1515747500.572851; 446.70, 12.52; 5590.70, -73.56, 5590.21
1515747501.3468323; 446.66, 12.51; 5589.69, -74.71, 5589.19
1515747502.899218; 446.94, 12.52; 5596.80, -66.52, 5596.40
1515747503.6772022; 446.79, 12.52; 5592.98, -70.92, 5592.53
1515747504.4520547; 446.57, 12.51; 5587.45, -77.29, 5586.92
1515747505.4832923; 446.71, 12.52; 5591.07, -73.11, 5590.60
1515747506.003834; 446.69, 12.51; 5590.32, -73.98, 5589.83
1515747506.7786436; 446.91, 12.52; 5596.16, -67.26, 5595.75
1515747507.556073; 446.89, 12.52; 5595.35, -68.19, 5594.93
1515747508.330579; 446.72, 12.52; 5591.33, -72.82, 5590.86
1515747509.8828642; 446.74, 12.52; 5591.52, -72.60, 5591.05
1515747510.6567452; 447.01, 12.52; 5598.11, -65.01, 5597.73
1515747511.4348462; 446.79, 12.52; 5592.99, -70.91, 5592.54
1515747512.2088451; 446.75, 12.52; 5591.82, -72.26, 5591.35
1515747512.987104; 446.58, 12.51; 5587.93, -76.74, 5587.41
1515747514.021593; 446.65, 12.51; 5589.35, -75.11, 5588.84
1515747514.5354686; 446.84, 12.52; 5594.18, -69.53, 5593.75
1515747515.31434; 446.71, 12.52; 5590.97, -73.24, 5590.49
1515747516.08795; 446.60, 12.51; 5588.16, -76.47, 5587.64
1515747516.866366; 446.71, 12.52; 5590.99, -73.22, 5590.51
1515747517.6402438; 446.80, 12.52; 5593.09, -70.79, 5592.64
1515747518.4185426; 446.94, 12.52; 5596.57, -66.78, 5596.17
1515747519.1921191; 446.83, 12.52; 5593.76, -70.02, 5593.33
1515747519.950024; 440.60, 12.35; 5442.84, -54.39, 5442.57
1515747520.7279437; 446.77, 12.51; 5590.99, -74.59, 5590.49
1515747521.7870882; 446.65, 12.51; 5589.33, -75.13, 5588.82
1515747522.276796; 446.76, 12.52; 5592.03, -72.02, 5591.57
1515747523.0546856; 446.94, 12.52; 5596.89, -66.41, 5596.50
1515747523.828833; 446.75, 12.52; 5592.16, -71.87, 5591.70
1515747524.606709; 446.76, 12.52; 5592.02, -72.03, 5591.56
1515747525.3645008; 440.60, 12.35; 5442.44, -55.55, 5442.16
1515747526.138592; 446.73, 12.52; 5591.06, -73.13, 5590.58
1515747526.9166992; 446.93, 12.52; 5596.37, -67.01, 5595.97
1515747528.4656587; 446.77, 12.52; 5592.24, -71.77, 5591.78
1515747529.2431004; 446.78, 12.52; 5592.49, -71.48, 5592.04
1515747530.2503188; 446.72, 12.52; 5591.22, -72.95, 5590.74
1515747531.5695777; 446.57, 12.51; 5587.72, -76.99, 5587.19
1515747532.345036; 446.50, 12.51; 5586.07, -78.88, 5585.52
1515747533.1223629; 446.66, 12.51; 5589.63, -74.79, 5589.13
1515747533.8973258; 446.78, 12.52; 5592.52, -71.45, 5592.06
1515747534.6742213; 446.89, 12.52; 5595.60, -67.91, 5595.18
1515747536.2265224; 446.74, 12.52; 5591.90, -72.16, 5591.44
1515747537.000817; 446.84, 12.52; 5594.11, -69.61, 5593.68
1515747537.7787433; 446.89, 12.52; 5595.45, -68.08, 5595.03
1515747538.536887; 440.86, 12.36; 5448.97, -48.28, 5448.75
1515747539.3674679; 446.74, 12.52; 5591.76, -72.32, 5591.30
1515747540.085394; 446.78, 12.52; 5593.05, -70.84, 5592.60
1515747540.8633118; 446.78, 12.52; 5592.71, -71.22, 5592.26
1515747541.637724; 446.90, 12.52; 5595.52, -68.00, 5595.10
1515747543.1897974; 446.83, 12.52; 5593.35, -70.50, 5592.90
1515747543.9639974; 446.76, 12.52; 5592.00, -72.05, 5591.54
1515747544.7419875; 446.82, 12.52; 5593.42, -70.41, 5592.98
1515747545.5162516; 447.02, 12.52; 5598.74, -64.28, 5598.37
1515747546.277955; 440.75, 12.36; 5446.74, -50.07, 5446.51
1515747547.051834; 446.75, 12.52; 5592.10, -71.93, 5591.64
1515747547.8258116; 446.66, 12.51; 5589.71, -74.68, 5589.21
1515747549.3788133; 447.04, 12.53; 5599.21, -63.74, 5598.85
1515747550.1565325; 446.78, 12.52; 5592.99, -70.91, 5592.54
1515747550.9309218; 446.80, 12.52; 5593.11, -70.77, 5592.66
1515747551.7050574; 446.79, 12.52; 5593.40, -70.44, 5592.95
1515747552.4829035; 446.86, 12.52; 5594.94, -68.66, 5594.51
1515747553.2573094; 447.03, 12.52; 5599.01, -63.97, 5598.64
